2020-11-11 03:05:00,13.27830000,13.27920000,13.25000000,13.25620000,8563.35000000,1605056759999,113551.26130900,196,2272.82000000,30141.89621000
2020-11-11 03:06:00,13.25460000,13.26380000,13.23610000,13.25040000,13292.02000000,1605056819999,176097.18579500,245,8438.58000000,111796.77944200
2020-11-11 03:07:00,13.25100000,13.27090000,13.24550000,13.25450000,5586.90000000,1605056879999,74066.71524900,197,2740.98000000,36337.60361700
2020-11-11 03:08:00,13.25770000,13.26670000,13.24470000,13.26300000,9746.87000000,1605056939999,129160.71236200,123,6707.46000000,88886.56721200
2020-11-11 03:09:00,13.26530000,13.26940000,13.24910000,13.26040000,5060.91000000,1605056999999,67113.60912900,131,1689.35000000,22407.72771200
2020-11-11 03:10:00,13.26170000,13.27000000,13.26100000,13.26470000,2932.09000000,1605057059999,38897.53082200,53,2188.04000000,29026.79798500
2020-11-11 03:11:00,13.26220000,13.26260000,13.25000000,13.25130000,4442.23000000,1605057119999,58886.28216200,107,1524.08000000,20206.31887100
2020-11-11 03:12:00,13.25360000,13.28590000,13.25360000,13.27270000,5588.08000000,1605057179999,74162.87231000,147,3293.21000000,43697.00283800
2020-11-11 03:13:00,13.27420000,13.32570000,13.27420000,13.30250000,8506.56000000,1605057239999,113153.06815500,220,4815.55000000,64050.96786500
2020-11-11 03:14:00,13.30520000,13.31780000,13.26850000,13.27890000,11282.49000000,1605057299999,150103.31121600,197,5873.67000000,78173.86751300
2020-11-11 03:15:00,13.28290000,13.29010000,13.25100000,13.26500000,11343.28000000,1605057359999,150525.54864300,259,4674.99000000,62050.18442100
2020-11-11 03:16:00,13.26160000,13.26750000,13.24190000,13.24700000,7034.96000000,1605057419999,93245.87965300,200,3254.73000000,43143.73677200
2020-11-11 03:17:00,13.24880000,13.28750000,13.24880000,13.28350000,4898.60000000,1605057479999,65044.88162300,151,3991.14000000,52998.98616900
2020-11-11 03:18:00,13.28400000,13.30540000,13.28060000,13.28850000,6159.26000000,1605057539999,81891.49421700,143,2811.17000000,37379.72371100
2020-11-11 03:19:00,13.29090000,13.29390000,13.28580000,13.29220000,1724.82000000,1605057599999,22925.72097800,27,933.52000000,12406.56857600
